3.41 4.266
0.665 0.882
2.248 2.123
1.96 1.917
4.066 4.793
1.567 1.873
1.751 2.453
1.452 1.957
6.863 5.082
2.721 2.678
2.477 2.92
1.96 2.227
3.834 4.09
2.477 2.809
1.724 2.053
4.719 4.715
3.412 3.645
1.55 2.127
3.748 4.145
2.105 2.283
3.904 3.809
3.197 3.824
2.924 3.545
3.26 3.342
1.918 2.002
1.463 2.15
2.4 2.193
3.818 3.775
3.484 3.293
3.344 3.949
2.775 3.299
4.238 4.207
5.527 4.906
1.294 1.381
2.857 3.287
2.84 3.375
1.764 1.844
4.406 4.078
3.424 3.598
1.645 1.989
4.012 4.906
5.027 4.617
1.561 1.201
1.415 1.827
3.066 3.186
5.008 5.504
1.279 1.519
3.928 4.477
3.227 3.275
3.809 3.619
3.303 3.562
2.953 2.982
5.062 4.789
2.523 2.27
2.16 2.732
5.223 4.344
5.363 4.844
2.709 2.684
2.922 3.469
2.277 2.434
2.91 2.734
4.793 3.852
1.646 1.899
4.203 3.307
1.739 1.74
3.996 3.875
3.707 4.129
2.355 2.779
1.78 2.381
3.604 3.605
3.15 3.637
3.35 3.67
4.707 4.051
2.561 2.51
2.326 2.58
2.168 2.07
2.297 2.641
2.486 2.418
2.705 3.357
3.318 3.578
2.83 2.904
3.043 2.734
5.219 4.848
3.355 3.764
3.342 3.85
3.693 3.443
1.879 1.952
1.707 2.379
4.332 4.133
1.84 2.236
3.535 4.16
3.127 3.627
4.172 3.551
1.804 1.865
3.787 3.309
4.945 4.305
3.949 4.496
3.174 3.863
3.613 3.334
2.174 2.502
3.924 4.414
2.43 2.551
3.938 4.371
2.225 2.004
3.607 4.309
2.574 2.518
1.89 2.543
5.859 5.25
2.486 3.545
3.125 2.846
3.404 3.232
1.591 1.85
4.965 4.484
4.434 5.492
0.867 1.025
2.895 2.652
4.469 4.25
3.111 3.4
1.625 1.566
1.131 1.24
2.91 2.732
1.562 2.039
1.768 1.968
2.732 2.521
3.59 4.375
2.611 2.549
1.53 1.609
3.256 3.805
4.332 4.156
2.371 2.936
1.629 1.691
1.88 1.923
2.777 2.641
2.762 2.717
1.655 1.823
3.195 3.467
3.5 3.553
1.153 1.46
5.148 4.512
3.947 4.004
2.502 3.207
2.262 2.709
2.387 2.777
2.258 2.326
5.555 5.07
1.875 2.029
3.963 4.141
5.477 5.211
2.771 3.021
2.514 2.854
3.035 3.328
0.965 1.228
0.857 0.889
3.99 3.877
3.783 4.457
2.012 2.285
1.823 2.061
3.801 3.875
3.246 3.033
4.227 3.559
2.303 2.309
1.622 1.743
4.949 3.781
2.213 2.574
3.828 3.73
3.34 3.576
5.566 5.152
3.961 3.703
3.334 3.213
3.584 3.676
2.104 1.817
2.74 2.879
3.064 2.973
2.801 2.955
3.607 3.588
3.328 4.113
1.573 1.772
4.203 4.297
3.141 3.428
3.281 4.039
1.222 1.725
2.084 2.4
3.189 2.465
4.734 3.85
2.016 2.012
3.535 3.027
4.523 4.402
1.707 1.905
2.838 3.486
1.503 1.631
4.676 4.383
3.344 3.506
3.939 4.328
3.328 3.68
4.371 4.133
2.168 2.229
3.57 3.244
3.234 3.725
3.707 3.977
2.398 2.447
2.582 2.906
3.24 4.266
2.0 2.18
5.062 4.754
3.141 3.576
3.287 3.957
2.275 2.059
1.607 1.89
3.406 3.441
3.676 2.721
5.621 4.809
5.16 4.766
3.07 2.779
0.931 1.045
1.375 1.518
2.855 2.52
3.395 3.416
2.242 2.234
2.303 2.389
2.881 3.289
1.545 2.039
1.016 1.155
1.805 2.09
1.026 1.242
2.361 2.402
2.322 2.607
3.23 4.559
3.506 4.621
4.559 4.766
2.996 4.695
3.51 4.797
4.531 5.207
1.794 2.188
5.176 4.961
3.27 3.531
3.627 3.553
0.569 0.879
1.88 2.254
2.949 3.389
1.63 1.646
2.246 2.082
4.125 3.861
2.924 4.223
1.36 1.407
1.245 1.239
4.289 4.051
6.07 5.859
3.637 3.742
3.465 4.398
3.457 3.236
3.213 3.182
1.607 1.848
2.697 2.91
1.724 2.336
3.166 3.463
3.684 4.305
2.57 2.822
3.17 4.273
3.77 3.418
2.279 2.307
5.012 5.242
5.074 4.793
5.102 4.449
2.023 2.861
2.27 2.18
2.846 4.012
2.523 3.627
2.736 3.543
4.195 4.535
3.561 3.787
3.58 2.879
4.227 4.594
3.734 4.113
3.48 3.656
5.125 5.02
5.316 4.457
2.238 2.162
3.195 3.348
3.197 3.367
3.498 3.711
1.946 1.921
2.637 2.58
2.287 2.258
3.492 3.883
2.121 2.055
4.242 4.125
1.415 1.967
1.755 1.746
4.898 3.977
3.457 3.41
3.643 3.861
3.771 3.203
2.062 2.178
3.768 3.738
4.645 3.787
3.775 3.957
2.707 2.756
3.02 3.199
0.999 1.256
2.334 3.115
1.742 2.025
3.057 4.043
3.092 3.229
2.705 3.045
2.602 2.855
5.332 5.098
2.461 2.678
1.877 2.164
1.66 1.544
1.689 2.121
2.248 2.361
5.117 4.73
2.979 2.143
3.072 3.34
4.031 4.758
1.729 1.925
1.878 2.291
1.597 1.729
2.217 2.949
2.566 2.941
1.652 1.799
4.746 3.963
2.078 2.424
2.924 3.432
4.059 4.504
5.031 4.266
3.248 3.268
1.6 1.696
1.874 2.162
1.985 2.195
5.129 5.113
2.477 2.432
2.594 2.568
4.512 5.543
4.715 3.486
1.871 1.967
0.118 0.172
3.682 3.764
4.262 4.016
1.665 1.713
2.793 2.873
4.301 4.688
3.672 4.363
2.188 2.666
3.766 3.693
4.293 4.012
2.244 2.367
3.676 3.656
3.242 3.594
3.916 3.783
3.266 4.641
5.141 4.285
2.875 3.984
3.152 4.129
4.492 3.961
4.457 3.992
4.238 4.301
2.953 3.514
3.246 3.531
2.848 2.273
2.926 2.902
3.367 4.465
3.678 3.459
3.725 3.719
3.055 3.42
4.152 3.803
2.551 2.811
3.828 4.445
2.012 2.406
2.791 2.58
3.717 4.199
2.051 1.938
4.566 4.367
3.398 3.484
1.307 1.755
3.16 3.174
2.154 2.143
2.756 3.416
4.027 4.145
2.004 2.359
2.559 3.305
3.74 4.0
1.786 2.156
3.926 3.889
2.279 2.379
0.802 1.125
3.875 4.004
2.432 2.418
3.689 5.004
3.564 3.469
3.9 3.525
4.992 5.09
2.453 2.912
2.787 3.176
2.406 2.592
3.424 5.023
3.236 4.004
3.42 3.504
2.674 2.758
3.875 3.971
1.448 1.61
3.523 3.723
3.889 4.504
3.615 3.516
3.34 3.49
4.996 4.41
2.418 2.67
2.961 3.5
3.668 3.545
4.586 4.098
3.555 2.645
4.59 4.25
1.539 1.9
3.506 4.527
4.164 3.91
4.965 3.717
3.031 3.008
3.145 3.143
2.504 3.121
4.051 5.285
4.312 4.133
1.918 2.596
3.352 3.236
2.705 3.338
2.838 2.887
4.113 3.26
4.285 4.016
1.89 2.295
2.969 3.215
1.531 1.418
3.678 4.293
3.387 3.928
2.4 2.861
2.506 3.402
4.707 4.668
2.16 2.205
2.232 1.576
1.259 1.524
3.342 3.766
3.889 3.088
2.615 2.635
5.926 4.754
0.832 0.85
1.971 2.082
1.261 1.791
1.574 1.999
2.223 2.869
3.258 3.016
2.619 2.682
4.016 3.881
1.626 1.76
2.852 3.201
3.365 3.576
3.707 3.896
2.574 2.504
1.116 1.259
2.549 2.689
3.518 3.834
3.229 3.711
4.07 4.23
3.781 4.77
2.801 4.055
3.838 3.037
3.1 3.113
1.127 1.439
2.309 2.217
3.146 3.184
2.736 3.715
2.043 2.738
3.203 4.152
2.412 2.752
1.325 1.61
4.254 4.91
5.07 5.027
1.865 2.523
1.118 1.225
4.605 4.23
1.364 1.371
3.527 3.705
5.078 4.324
2.547 3.213
4.332 3.625
3.07 4.254
1.551 1.624
3.812 3.84
3.721 3.561
2.666 2.6
3.984 3.697
1.251 1.317
5.039 4.762
3.686 4.676
1.021 1.771
3.68 4.551
2.932 3.025
4.816 3.73
1.015 1.194
4.508 4.66
2.764 2.787
3.375 2.766
2.865 2.826
2.664 2.461
2.018 2.637
3.219 3.941
3.68 4.457
1.717 1.803
3.439 3.471
3.102 4.203
2.293 2.781
4.352 4.32
1.698 1.701
3.562 3.592
3.379 3.061
2.566 2.994
1.372 1.573
4.168 3.482
4.543 3.938
1.374 1.717
2.215 2.127
3.203 3.984
2.803 2.848
3.055 3.025
4.566 4.516
3.953 4.293
2.559 2.844
1.705 1.634
1.948 2.115
1.352 1.647
1.056 1.346
1.489 2.047
3.199 3.434
1.938 2.484
3.82 3.631
2.465 3.092
3.982 4.598
3.238 3.955
2.664 3.076
5.035 5.316
2.055 2.951
2.703 2.209
3.352 3.742
2.555 2.611
4.262 4.375
3.6 3.648
1.862 2.123
1.96 2.471
4.156 4.121
2.797 2.738
1.325 1.521
1.938 2.234
4.457 4.414
2.023 1.907
4.555 4.156
3.105 3.264
2.143 2.008
3.475 3.961
1.945 2.164
4.387 3.514
2.07 2.219
3.494 4.273
3.959 4.066
2.98 3.389
3.254 3.322
5.449 5.004
2.766 2.387
2.721 2.717
2.463 2.371
1.95 2.027
4.789 3.779
1.473 1.606
2.648 3.146
5.449 5.242
2.639 2.535
3.453 3.299
2.561 2.557
1.646 1.852
1.499 1.619
2.637 2.756
1.655 1.502
3.656 3.734
2.967 3.275
4.301 4.75
2.672 2.695
2.771 2.387
2.119 2.283
3.586 3.99
2.658 3.533
2.287 2.477
1.252 1.22
4.418 4.688
2.176 2.492
1.923 1.971
3.465 3.273
2.898 3.494
4.43 4.051
3.99 4.031
2.744 3.354
2.674 2.994
2.902 3.746
2.428 2.18
3.256 3.729
4.254 3.904
4.035 4.645
4.625 4.359
5.078 5.039
2.369 2.789
2.531 2.865
1.592 1.955
2.9 4.07
2.326 2.727
3.238 2.869
2.537 2.945
3.793 3.658
2.41 2.094
3.641 3.525
2.279 2.68
3.795 3.529
3.787 3.592
2.264 2.49
2.404 2.377
3.326 4.137
3.754 3.574
4.574 4.836
3.008 2.15
2.477 2.232
2.031 2.49
0.881 1.028
2.396 2.395
4.75 4.953
6.734 5.031
1.738 1.843
3.643 3.932
3.26 3.043
1.638 1.898
3.096 3.252
1.791 1.86
1.413 1.65
4.754 4.957
3.477 4.762
1.086 1.604
3.01 3.096
3.846 3.871
3.664 3.83
1.931 2.314
1.217 1.419
2.762 3.428
1.914 1.836
3.391 3.348
1.578 1.724
2.982 2.996
2.387 3.297
1.64 1.843
3.08 3.326
3.314 3.367
4.957 4.68
3.029 3.963
1.508 1.571
4.223 4.266
0.958 1.105
3.721 3.857
4.121 4.027
3.482 3.76
2.459 2.52
3.764 4.895
2.309 2.35
4.027 3.719
2.793 3.617
2.807 2.906
2.834 3.418
4.242 4.5
1.744 2.357
4.129 3.814
1.572 1.851
1.927 1.906
3.361 3.26
3.107 3.012
2.873 3.395
2.088 2.051
3.012 3.477
4.527 5.109
4.277 5.012
4.02 3.947
1.66 2.451
1.457 1.456
4.125 4.0
5.348 4.348
3.365 3.795
3.98 4.141
2.631 3.012
1.641 1.707
1.771 2.092
3.496 3.648
4.398 4.27
2.969 3.176
3.123 2.998
2.76 2.857
3.219 3.414
2.672 2.605
2.002 1.96
1.32 1.423
5.223 4.434
1.254 1.495
2.037 2.553
2.393 2.887
1.271 1.74
2.471 2.777
2.48 2.656
3.887 3.873
4.18 4.633
2.738 2.58
1.792 2.094
2.717 2.684
2.432 2.346
3.869 4.496
4.836 4.922
1.383 1.519
3.477 4.086
1.005 1.176
3.689 4.117
4.863 3.832
3.275 2.709
1.214 1.41
3.693 4.215
2.369 2.258
1.669 1.892
2.656 3.281
3.094 3.209
3.631 4.031
2.391 2.924
1.767 1.864
0.587 0.76
2.553 2.766
2.914 3.031
5.793 5.16
3.836 3.811
2.238 2.186
2.934 2.713
5.062 4.133
2.258 2.285
1.929 2.197
1.93 1.897
0.763 1.019
1.91 2.15
3.865 4.398
0.989 1.226
1.765 1.568
1.762 2.08
2.682 2.982
3.791 3.512
3.43 3.566
3.025 3.025
2.945 2.873
2.137 2.389
6.121 6.195
1.862 2.389
3.561 3.133
3.898 4.238
2.6 2.477
2.209 2.264
1.624 1.882
1.021 1.312
2.271 2.469
2.607 2.662
1.52 1.744
1.821 2.1
3.301 3.988
1.474 1.676
4.469 5.074
2.883 3.918
3.229 3.203
2.963 2.699
4.215 3.838
2.734 2.785
3.189 4.152
4.891 4.816
2.252 2.73
1.572 1.743
3.266 3.891
2.482 3.219
3.037 3.643
1.393 1.484
1.395 1.711
2.703 3.986
3.018 2.781
5.672 5.727
1.914 2.252
2.463 2.613
3.148 3.062
4.52 4.949
1.743 2.043
1.821 2.002
3.807 3.689
4.469 4.801
3.109 3.262
2.809 2.842
1.365 1.855
2.006 2.564
1.911 1.979
4.387 4.836
4.582 4.184
1.658 1.797
3.994 4.066
2.627 2.715
2.225 1.998
5.637 5.027
5.789 4.965
1.368 1.577
3.215 3.01
3.992 4.184
3.582 3.154
3.789 3.504
2.299 2.52
4.094 4.145
1.889 2.426
0.972 1.308
3.152 3.887
1.359 1.434
2.814 3.506
2.172 2.611
4.762 5.156
3.441 4.062
2.654 2.717
5.227 5.191
3.172 3.123
3.805 4.137
3.602 4.152
1.001 1.35
1.316 1.738
4.637 3.979
2.762 3.467
3.369 3.172
2.5 2.291
4.578 4.441
2.303 2.363
2.393 2.279
2.492 3.531
3.375 3.305
4.523 4.086
2.008 2.355
0.67 0.828
3.396 3.621
2.105 2.516
3.422 3.203
2.365 2.949
3.096 3.215
4.82 4.387
3.867 5.285
2.801 3.643
2.777 2.904
1.457 1.497
2.223 2.129
4.023 3.775
4.113 4.539
1.987 2.412
3.955 4.445
3.121 3.111
2.723 3.445
4.586 4.602
3.512 3.561
2.543 2.441
3.904 4.086
3.971 3.629
2.91 3.141
1.159 1.507
3.328 4.188
4.426 3.852
4.145 4.316
3.941 4.156
4.023 4.32
3.93 3.758
2.658 1.752
1.094 1.407
3.418 3.125
2.463 2.568
3.381 3.447
2.205 2.818
5.75 5.711
1.847 2.357
2.748 2.848
2.723 3.24
1.559 1.953
3.455 3.123
2.361 2.404
1.756 2.352
1.995 1.859
2.926 2.719
3.047 3.279
2.793 2.934
2.896 4.168
1.63 1.805
1.992 2.262
1.937 2.043
0.716 1.011
1.585 2.326
3.027 3.764
1.674 1.677
3.27 3.363
2.287 2.207
1.628 2.197
3.08 2.977
1.62 1.919
4.531 5.156
3.703 3.895
3.559 3.531
2.859 3.801
4.285 4.098
2.447 3.557
2.887 2.768
2.979 2.82
2.012 2.467
3.596 3.682
4.598 4.371
1.349 1.663
3.117 3.221
4.52 4.309
1.523 1.669
3.043 3.609
4.625 4.262
1.782 2.088
2.008 2.303
3.65 3.926
4.305 4.297
2.863 2.717
4.121 4.039
0.874 1.097
3.633 4.191
1.512 1.899
3.562 4.059
4.344 3.811
1.945 2.49
3.523 3.539
3.188 3.049
3.785 3.674
2.938 3.199
5.238 4.566
2.053 2.568
3.943 4.031
4.379 3.865
1.584 2.031
1.803 1.86
3.857 4.184
4.062 3.566
4.727 3.506
3.957 3.533
2.527 2.604
3.152 3.102
4.289 3.936
2.354 2.328
3.865 4.281
3.191 3.752
2.828 2.711
3.023 3.15
4.875 4.887
2.148 2.371
4.34 4.539
3.137 3.619
3.734 4.781
0.975 1.431
3.619 3.635
3.951 4.551
3.203 2.471
2.652 2.801
1.103 1.469
2.807 2.951
2.605 3.57
1.746 1.955
3.768 3.846
1.824 1.807
4.332 4.289
1.589 1.817
2.611 2.541
2.701 2.643
3.451 4.703
6.004 4.766
3.15 3.881
3.568 3.67
2.312 2.189
3.549 3.703
3.719 3.596
4.773 4.559
1.602 1.651
3.342 3.463
4.59 3.379
2.303 2.312
4.602 3.602
1.661 1.866
5.602 4.418
5.207 4.949
2.969 2.537
2.172 2.184
2.43 3.174
1.67 1.928
2.857 3.496
3.039 2.99
2.674 2.475
4.668 4.504
2.057 2.908
3.189 3.367
3.525 3.279
2.578 2.447
2.873 3.461
4.344 5.492
